1010010110000010
1010010110000011
1010010110000100
1010010110000101
1010010110000110
1010010110000111
1010010110000010
1010010110000011
1010010110000100
1010010110000101
1010010110000110
1010010110000111
1010010110000010
1010010110000011
1010010110000100
1010010110000101
1010010110000110
1010010110000111
1010010110000010
1010010110000011
1010010110000100
1010010110000101
1010010110000110
1010010110000111
1010010110000010
1010010110000011
1010010110000100
1010010110000101
1010010110000110
1010010110000111
1010010110000010
1010010110000011
1010010110000100
1010010110000101
1010010110000110
1010010110000111
1010010110000010
1010010110000011
1010010110000100
1010010110000101
1010010110000110
1010010110000111
1010010110000010
1010010110000011
1010010110000100
1010010110000101
1010010110000110
1010010110000111
1010010110000010
1010010110000011
1010010110000100
1010010110000101
1010010110000110
1010010110000111
1010010110000010
1010010110000011
1010010110000100
1010010110000101
1010010110000110
1010010110000111
1010010110000010
1010010110000011
1010010110000100
1010010110000010