0000000000000110
0000000010110001
0000000000000010
0000000000011001
0000000000000010
0000000000011001
0000000000000110
0000000010110001
0000000000000110
0000000010110001
0000000000000011
0000000010111011
0000000000000110
0000000011101110
0000000000000011
0000000010111011
0000000000000011
0000000010111011
0000000000000011
0000000010111011
0000000000000011
0000000010111011
0000000000000011
0000000010111011
0000000000000110
0000000011101110
0000000000000110
0000000011101110
0000000000000110
0000000011101110
0000000000000011
0000000010111011
0000000000000010
0000000000011001
0000000000000011
0000000010111011
0000000000000011
0000000010001101
0000000000000011
0000000010001101
0000000000000000
0000000000001110
0000000000000000
0000000000001110
0000000000000000
0000000000001110
0000000000000001
0000000001100000
0000000000000001
0000000001100000
0000000000000000
0000000000001110
0000000000000000
0000000000001110
0000000000000011
0000000010001101
0000000000000011
0000000010001101
0000000000000010
0000000011111001
0000000000000100
0000000010111110
0000000000000100
0000000010111110
0000000000000100
0000000010111110
0000000000000100
0000000010111110
0000000000000101
0000000001110100
0000000000000011
0000000010011000
0000000000000110
0000000000110001
0000000000000011
0000000010101000
0000000000000011
0000000010011000
0000000000000000
0000000011011100
0000000000000110
0000000000110001
0000000000000101
0000000000110000
0000000000000101
0000000001110100
0000000000000101
0000000000110000
0000000000000101
0000000000110000
0000000000000011
0000000010010111
0000000000000101
0000000001110100
0000000000000100
0000000010111110
0000000000000000
0000000011011100
0000000000000100
0000000000110000
0000000000000100
0000000001010001
0000000000000100
0000000010111110
0000000000000101
0000000001110100
0000000000000100
0000000010111110
0000000000000000
0000000010010101
0000000000000100
0000000001010001
0000000000000100
0000000010111110
0000000000000000
0000000010010101
0000000000000100
0000000010111110
0000000000000101
0000000001110100
0000000000000100
0000000001010001
0000000000000010
0000000011111001
0000000000000000
0000000010010101
0000000000000000
0000000010010101
0000000000000110
0000000011101110
0000000000000010
0000000011111001
0000000000000010
0000000000011001
0000000000000000
0000000000001110
0000000000000000
0000000000001110
0000000000000001
0000000001100000
0000000000000010
0000000011111001
0000000000000000
0000000000001110
0000000000000010
0000000011111001
0000000000000000
0000000010010101
0000000000000010
0000000011111001
0000000000000100
0000000000110000
0000000000000101
0000000000110000
0000000000000110
0000000000110001
0000000000000001
0000000010001110
0000000000000001
0000000010001110
0000000000000110
0000000000110001
0000000000000110
0000000000110001
0000000000000001
0000000010111000
0000000000000011
0000000010101000
0000000000000011
0000000010101000
0000000000000110
0000000000110001
0000000000000011
0000000010101000
0000000000000011
0000000010101000
0000000000000011
0000000010101000
0000000000000001
0000000010111000
0000000000000110
0000000000110001
0000000000000011
0000000010101000
0000000000000110
0000000000110001
0000000000000011
0000000010010111
0000000000000000
0000000011011100
0000000000000011
0000000010010111
0000000000000011
0000000010011000
0000000000000011
0000000010011000
0000000000000011
0000000010011000
0000000000000000
0000000011011100
0000000000000101
0000000001000011
0000000000000101
0000000001000011
0000000000000100
0000000000110000
0000000000000000
0000000010010101
0000000000000000
0000000010010101
0000000000000000
0000000010010101
0000000000000100
0000000010111110
0000000000000100
0000000010111110
0000000000000100
0000000010111110
0000000000000100
0000000010111110
0000000000000100
0000000001010001
0000000000000100
0000000001010001
0000000000000100
0000000001010001
0000000000000100
0000000000110000
0000000000000100
0000000010111110
0000000000000000
0000000010010101
0000000000000010
0000000011111001
0000000000000010
0000000011111001
0000000000000001
0000000001100000
0000000000000010
0000000011111001
0000000000000100
0000000010111110
0000000000000100
0000000000110000
0000000000000100
0000000001010001
0000000000000100
0000000001010001
0000000000000100
0000000001010001
0000000000000100
0000000010111110
0000000000000100
0000000000110000
0000000000000100
0000000000110000
0000000000000100
0000000000110000
0000000000000100
0000000000110000
0000000000000100
0000000001010001
0000000000000100
0000000000110000
0000000000000100
0000000001010001
0000000000000100
0000000000110000
0000000000000100
0000000000110000
0000000000000100
0000000000110000
0000000000000100
0000000010111110
0000000000000000
0000000010010101
0000000000000000
0000000010010101
0000000000000010
0000000011111001
0000000000000010
0000000011111001
0000000000000100
0000000010111110
0000000000000100
0000000010111110
0000000000000010
0000000011111001
0000000000000010
0000000011111001
0000000000000010
0000000011111001
0000000000000000
0000000010010101
0000000000000000
0000000010010101
0000000000000100
0000000000010101
0000000000000100
0000000000100001
0000000000000010
0000000000011001
0000000000000011
0000000010001101
0000000000000110
0000000011100100
0000000000000011
0000000011110001
0000000000000011
0000000001111010
0000000000000100
0000000011011000
0000000000000001
0000000001100000
0000000000000100
0000000000110000
0000000000000100
0000000001010001
0000000000000100
0000000010111110
0000000000000100
0000000000110000
0000000000000000
0000000010010101
0000000000000000
0000000010010101
0000000000000000
0000000010010101
0000000000000100
0000000010111110
0000000000000100
0000000010111110
0000000000000000
0000000010010101
0000000000000000
0000000010010101
0000000000000010
0000000011111001
0000000000000010
0000000011111001
0000000000000010
0000000011111001
0000000000000010
0000000011111001
0000000000000001
0000000001100000
0000000000000000
0000000000001110
0000000000000000
0000000000001110
0000000000000010
0000000011111001
0000000000000010
0000000011111001
0000000000000010
0000000011111001
0000000000000001
0000000001100000
0000000000000001
0000000001100000
0000000000000000
0000000000001110
0000000000000110
0000000011101110
0000000000000110
0000000011101110
0000000000000110
0000000011101110
0000000000000110
0000000011101110
0000000000000110
0000000011101110
0000000000000110
0000000011101110
0000000000000110
0000000011101110
0000000000000110
0000000011101110
0000000000000110
0000000011101110
0000000000000110
0000000011101110
0000000000000011
0000000010001101
0000000000000011
0000000010001101
0000000000000110
0000000011101110
0000000000000011
0000000010001101
0000000000000011
0000000010001101
0000000000000010
0000000000101000
0000000000000100
0000000010000011
0000000000000011
0000000011110001
0000000000000100
0000000001100011
0000000000000010
0000000001100101
0000000000000101
0000000000011010
0000000000000000
0000000010001010
0000000000000101
0000000001011010
0000000000000100
0000000001100011
0000000000000100
0000000001010101
0000000000000101
0000000000011010
0000000000000100
0000000001100011
0000000000000101
0000000000011010
0000000000000010
0000000001100101
0000000000000101
0000000000011010
0000000000000000
0000000010001010
0000000000000000
0000000010001010
0000000000000101
0000000000011010
0000000000000100
0000000001010101
0000000000000101
0000000000011010
0000000000000100
0000000001100011
0000000000000101
0000000001011010
0000000000000100
0000000001101110
0000000000000111
0000000000011110
0000000000000101
0000000001011010
0000000000000101
0000000000011010
0000000000000000
0000000010001010
0000000000000000
0000000011101011
0000000000000111
0000000000011110
0000000000000111
0000000000011110
0000000000000000
0000000010001010
0000000000000000
0000000010001010
0000000000000101
0000000001011010
0000000000000100
0000000001101110
0000000000000111
0000000000011110
0000000000000101
0000000001011010
0000000000000111
0000000000011110
0000000000000100
0000000001100011
0000000000000100
0000000001100011
0000000000000000
0000000010001010
0000000000000100
0000000001101110
0000000000000100
0000000011000111
0000000000000100
0000000011000111
0000000000000101
0000000001011010
0000000000000100
0000000011000111
0000000000000100
0000000011000111
0000000000000100
0000000001101110
0000000000000101
0000000001011010
0000000000000100
0000000001101110
0000000000000000
0000000011101011
0000000000000000
0000000011101010
0000000000000100
0000000011000111
0000000000000100
0000000001101110
0000000000000101
0000000001011010
0000000000000100
0000000011000111
0000000000000100
0000000011000111
0000000000000100
0000000001101110
0000000000000100
0000000001101110
0000000000000010
0000000010001100
0000000000000000
0000000011101010
0000000000000000
0000000011101011
0000000000000000
0000000011101011
0000000000000100
0000000011000111
0000000000000100
0000000001100011
0000000000000111
0000000000001111
0000000000000001
0000000001100000
0000000000000011
0000000010101000
0000000000000001
0000000010111000
0000000000000000
0000000011011100
0000000000000000
0000000011011100
0000000000000100
0000000001010001
0000000000000010
0000000011111001
0000000000000010
0000000011111001
0000000000000001
0000000001100000
0000000000000010
0000000011111001
0000000000000000
0000000010010101
0000000000000010
0000000011111001
0000000000000011
0000000010001101
0000000000000000
0000000000001110
0000000000000011
0000000010001101
0000000000000011
0000000010001101
0000000000000011
0000000010001101
0000000000000011
0000000010001101
0000000000000011
0000000010111011
0000000000000010
0000000000011001
0000000000000111
0000000000000111
0000000000000010
0000000000011001
0000000000000110
0000000010110001
0000000000000010
0000000000011001
0000000000000011
0000000010111011
0000000000000011
0000000010111011
0000000000000011
0000000010001101
0000000000000000
0000000000001110
0000000000000011
0000000010001101
0000000000000011
0000000010001101
0000000000000011
0000000010001101
0000000000000000
0000000000001110
0000000000000110
0000000011101110
0000000000000011
0000000010001101
0000000000000011
0000000010001101
0000000000000001
0000000001100000
0000000000000000
0000000000001110
0000000000000000
0000000000001110
0000000000000011
0000000010001101
0000000000000011
0000000010001101
0000000000000011
0000000010001101
0000000000000011
0000000010001101
0000000000000000
0000000000001110
0000000000000010
0000000011111001
0000000000000100
0000000011011000
0000000000000000
0000000000001110
0000000000000000
0000000011011100
0000000000000000
0000000010101001
0000000000000101
0000000000110000
0000000000000100
0000000001010001
0000000000000000
0000000010010101
0000000000000100
0000000010111110
0000000000000100
0000000010111110
0000000000000000
0000000000001110
0000000000000000
0000000000001110
0000000000000011
0000000010001101
0000000000000011
0000000010001101
0000000000000011
0000000010001101
0000000000000011
0000000010001101
0000000000000011
0000000010001101
0000000000000011
0000000010001101
0000000000000011
0000000010001101
0000000000000011
0000000010001101
0000000000000011
0000000010001101
0000000000000000
0000000000001110
0000000000000000
0000000000001110
0000000000000011
0000000010001101
0000000000000000
0000000000001110
0000000000000110
0000000011101110
0000000000000011
0000000010001101
0000000000000010
0000000011111001
0000000000000000
0000000010010101
0000000000000100
0000000001010001
0000000000000101
0000000001110100
0000000000000101
0000000001000011
0000000000000101
0000000001110100
0000000000000100
0000000001010001
0000000000000100
0000000001010001
0000000000000100
0000000000110000
0000000000000100
0000000001010001
0000000000000100
0000000001010001
0000000000000100
0000000000110000
0000000000000101
0000000000110000
0000000000000000
0000000011011100
0000000000000000
0000000011011100
0000000000000101
0000000001000011
0000000000000101
0000000000110000
0000000000000000
0000000011011100
0000000000000000
0000000011011100
0000000000000101
0000000000110000
0000000000000000
0000000011011100
0000000000000000
0000000011011100
0000000000000011
0000000010011000
0000000000000000
0000000011011100
0000000000000000
0000000011011100
0000000000000011
0000000010011000
0000000000000000
0000000011011100
0000000000000000
0000000011011100
0000000000000011
0000000010011000
0000000000000110
0000000000110001
0000000000000011
0000000010011000
0000000000000000
0000000011011100
0000000000000101
0000000001110100
0000000000000100
0000000001010001
0000000000000101
0000000001110100
0000000000000101
0000000000110000
0000000000000000
0000000011011100
0000000000000011
0000000010011000
0000000000000011
0000000010011000
0000000000000000
0000000011011100
0000000000000011
0000000010011000
0000000000000011
0000000010011000
0000000000000000
0000000011011100
0000000000000011
0000000010011000
0000000000000011
0000000010011000
0000000000000000
0000000011011100
0000000000000101
0000000000110000
0000000000000000
0000000011011100
0000000000000000
0000000011011100
0000000000000000
0000000011011100
0000000000000000
0000000011011100
0000000000000101
0000000000110000
0000000000000000
0000000011011100
0000000000000000
0000000011011100
0000000000000000
0000000011011100
0000000000000101
0000000000110000
0000000000000000
0000000011011100
0000000000000000
0000000011011100
0000000000000000
0000000011011100
0000000000000011
0000000010011000
0000000000000011
0000000010011000
0000000000000011
0000000010011000
0000000000000011
0000000010011000
0000000000000011
0000000010011000
0000000000000011
0000000010011000
0000000000000011
0000000010011000
0000000000000011
0000000010011000
0000000000000000
0000000011011100
0000000000000000
0000000011011100
0000000000000011
0000000010011000
0000000000000101
0000000000110000
0000000000000000
0000000011011100
0000000000000011
0000000010010111
0000000000000011
0000000010011000
0000000000000011
0000000010011000
0000000000000011
0000000010010111
0000000000000011
0000000010011000
0000000000000011
0000000010011000
0000000000000000
0000000011011100
0000000000000011
0000000010011000
0000000000000011
0000000010010111
0000000000000011
0000000010011000
0000000000000000
0000000011011100
0000000000000000
0000000011011100
0000000000000000
0000000011011100
0000000000000000
0000000011011100
0000000000000000
0000000011011100
0000000000000011
0000000010011000
0000000000000011
0000000010011000
0000000000000011
0000000010010111
0000000000000011
0000000010010111
0000000000000011
0000000010010111
0000000000000011
0000000010010111
0000000000000011
0000000010011000
0000000000000011
0000000010011000
0000000000000000
0000000011011100
0000000000000101
0000000000110000
0000000000000011
0000000010011000
0000000000000011
0000000010010111
0000000000000011
0000000010011000
0000000000000011
0000000010011000
0000000000000011
0000000010011000
0000000000000011
0000000010011000
0000000000000011
0000000010011000
0000000000000011
0000000010011000
0000000000000000
0000000011011100
0000000000000011
0000000010011000
0000000000000011
0000000010011000
0000000000000011
0000000010011000
0000000000000011
0000000010011000
0000000000000011
0000000010011000
0000000000000011
0000000010011000
0000000000000011
0000000010011000
0000000000000000
0000000011011100
0000000000000011
0000000010011000
0000000000000011
0000000010011000
0000000000000011
0000000010011000
0000000000000011
0000000010011000
0000000000000000
0000000011011100
0000000000000101
0000000000110000
0000000000000101
0000000001000011
0000000000000101
0000000001000011
0000000000000101
0000000001000011
0000000000000101
0000000001000011
0000000000000101
0000000000110000
0000000000000101
0000000000110000
0000000000000101
0000000001000011
0000000000000101
0000000001110100
0000000000000101
0000000001110100
0000000000000101
0000000001000011
0000000000000101
0000000001110100
0000000000000101
0000000001000011
0000000000000101
0000000001000011
0000000000000101
0000000001110100
0000000000000101
0000000001110100
0000000000000101
0000000000110000
0000000000000101
0000000000110000
0000000000000101
0000000000110000
0000000000000101
0000000000110000
0000000000000101
0000000001000011
0000000000000101
0000000000110000
0000000000000101
0000000000110000
0000000000000101
0000000000110000
0000000000000101
0000000000110000
0000000000000101
0000000001000011
0000000000000101
0000000001000011
0000000000000101
0000000000110000
0000000000000101
0000000000110000
0000000000000101
0000000000110000
0000000000000010
0000000000011001
0000000000000010
0000000000011001
0000000000000010
0000000000011001
0000000000000110
0000000010110001
0000000000000110
0000000010110001
0000000000000011
0000000010111011
0000000000000011
0000000010111011
0000000000000011
0000000010111011
0000000000000011
0000000010111011
0000000000000011
0000000010111011
0000000000000011
0000000010111011
0000000000000011
0000000010111011
0000000000000110
0000000011101110
0000000000000110
0000000011101110
0000000000000110
0000000011101110
0000000000000011
0000000010111011
0000000000000011
0000000010111011
0000000000000011
0000000010001101
0000000000000011
0000000010001101
0000000000000011
0000000010001101
0000000000000000
0000000000001110
0000000000000000
0000000000001110
0000000000000000
0000000000001110
0000000000000001
0000000001100000
0000000000000001
0000000001100000
0000000000000000
0000000000001110
0000000000000000
0000000000001110
0000000000000000
0000000000001110
0000000000000000
0000000000001110
0000000000000001
0000000001100000
0000000000000100
0000000000110000
0000000000000100
0000000000110000
