11110110010101111000000000000000
11110110010110000000000000000000
11110010011001110000000000000000
00001010100000000000000000000010
11110010011001110000000000000001
00001010100000000000000000000010
11110010011001110000000000000010
00001010100000000000000000000010
11110010011001110000000000000100
00001010100000000000000000000010
11110110110000000000000000000000
11110110110000001000000000000001
11110110110000010000000000000010
11110110110001111000000000000011
11110110110010000000000000000100
11110110110010001000000000000101
11110110110010010000000000000110
11110110110010011000000000000111
11110110110010100000000000001000
11111010001000000000000000000010
11110110110000000000000000001001
11110110110000001000000000001010
11110110110000010000000000001011
11110110110001111000000000001100
11110110110010000000000000001101
11110110110010001000000000001110
11110110110010010000000000001111
11110110110010011000000000010000
11110110110010100000000000010001
11111010001000000000000000000010
11110110110000000000000000010010
11110110110000001000000000010011
11110110110000010000000000010100
11110110110001111000000000010101
11110110110010000000000000010110
11110110110010001000000000010111
11110110110010010000000000011000
11110110110010011000000000011001
11110110110010100000000000011010
11111010001000000000000000000010
11110110010101100000000000000000
11110110010101101000000000000000
11110010011001100000000111100000
10111010101000000000000000000010
11111010001000000000000000000010
11110010011001101000001010000000
00001010100000000000000000000010
11111110111010101000000000000000
11110100110010101000110000000000
11111110111010101000000000000001
11110100110010101001000000000000
11111110111010101000000000000010
11110100110010101001010000000000
11111110111010101000000000000011
11110100110010101001100000000000
11111110111010101000000000000100
11110100110010101001110000000000
11111110111010101000000000000101
11110100110010101010000000000000
11111110111010101000000000000110
11110100110010101010010000000000
11111110111010101000000000000111
11110100110010101010100000000000
11111110111010101000000000001000
11110100110010101010110000000000
10001100000000000000000000000000
11110010000001101011010000000001
11111010001000000000000000000010
11110110010101101000000000000000
11110010000001100011000000000001
11111010001000000000000000000010
11111010001000000000000000000010